768
512
16945162
6144
4101
4392960
16384
335708288
769
262
8421894
6145
0
67142662
536903810
6150
0
1025
3074
24582
268632199
0
0
387
0
263
0
6147
519
3079
17411
779
772
0
33656839
0
12292
268566792
520
389
0
24590
1285
4106
33558533
3082
0
0
0
0
1032
1032
4227334
67373062
4104
537231500
6155
8200
134463491
67223560
1031
8527882
537100424
1157
1033
268568585
0
0
1032
145492242441
0
519
16843017
16843021
649
138
268566794
67502221
6156
18444
0
268567050
8196
0
527
67240456
537198731
0
8202
0
1035
1291
8203
268640265
4107
268
1548
140
143
524
8204
268636169
671481997
143
268648457
16843277
16843789
2061
4110
16850957
16859149
16842894
782
3086
4110
8206
2061
16846861
268681230
521
32724438253710
33882639
4391183
1032
2056
16395
1033
263
2060
2059
8198
128
8192
0
129
1025
8193
258
2053
8197
257
2049
130
1039
1039
1039
1039
1039
1039
16401
146
274
530
1042
2066
0
0
0
0
0
0
0
0
0
0
0
0
0
0
0
0
0
0
0
0
0
0
0
0
0
0
0
0
0
0
0
0
0
0
0
0
0
0
0
0
0
0
0
0
0
0
0
0
0
0
0
0
0
0
0
0
0
0
0
0
0
0
0
0
0
0
0
0
0
0
0
0
0
0
0
0
0
0
0
0
0
0
0
0
0
0
0
0
0
0
0
0
0
0
0
0
0
0
0
0
0
0
0
0
0
0
0
0
0
0
0
0
0
0
0
0
0
0
0
0
0
0
0
0
0
0
0
0
0
0
0
0
0
0
0
0
0
0
0
0
0
0
0
0
0
0
0
0
0
0
0
0
0
0
0
0
0
0
0
0
0
0
0
0
0
0
0
0
0
0
0
0
0
0
0
0
0
0
0
0
0
0
0
0
0
0
0
0
0
0
0
0
0
0
0
0
0
0
0
0
0
0
0
0
0
0
0
0
0
0
0
0
0
0
0
0
0
0
0
0
0
0
0
0
0
0
0
0
0
0
0
0
0
0
0
0
0
0
0
0
0
0
0
0
0
0
0
0
0
0
0
0
0
0
0
0
0
0
0
0
0
0
0
0
0
0
0
0
0
0
0
0
0
0
0
0
0
0
0
0
0
0
0
0
0
0
0
0
0
0
0
0
0
0
0
0
0
0
0
0
0
0
0
0
0
0
0
0
0
0
0
0
0
0
0
0
0
0
0
0
0
0
0
0
0
0
0
0
0
0
0
0
0
0
0
0
0
0
0
0
0
0
0
0
0