4198656
4200637
4198669
4198400
4198422
4198420
4198704
5242880
4198752
4198792
4198771
4198800
4198856
4198836
4198864
4198877
4198920
4198928
4198937
4199382
4199090
4199516
4199554
4199568
4199610
4199578
4199639
4199663
4199672
4199677
4199744
4199760
4199782
4199794
4199797
4199830
4200497
4200512
4200636
4200642
4200652
4199835
4200654
4200669
4200672
4200721
4200784
4200792
6295640
4198908
4198783
4198848
4198903
4198891
4198640
4199399
4199113
4198592
4199740
4199717
4199703
4199805
4200180
4200477
4200203
4200553
4198687
6295632
4198544
5242928
5242904
4199733
4199908
4199967
4199906
4198576
4200578
4199231
4199148
4199309
5242896
4200607
4200616
4200758
4200727
4198674
4199812
4199829
4199817
4199778
4199768
4199776
4198624
4199132
5242920
4198560
4199433
5242888
4199484
4199476
4198608
4199173
5242912
4199341
4199264
4200052
4200123
4200167
4200214
4200274
4200320
4200366
4200412
4200431
4200466
4200458
4200208
4200228
4199877
4199886
4199510
4200749
4200736
4198432
4198543
4198555
4198571
4198587
4198603
4198619
4198635
4198651
4198700
4198750
4198751
4198793
4198857
4198921
4200671
4200773
4198785
4198850
4198917
4198448
4198464
4198480
4198496
4198512
4198528
4198445
4198463
4198479
4198495
4198511
4198527
0
0
0
0
0
0
0
0
0
0
0
0
0
0
0
0
0
0
0
0
0
0
0
0
0
0
0
0
0
0
0
0
0
0
0
0
0
0
0
0
0
0
0
0
0
0
0
0
0
0
0
0
0
0
0
0
0
0
0
0
0
0
0
0
0
0
0
0
0
0
0
0
0
0
0
0
0
0
0
0
0
0
0
0
0
0
0
0
0
0
0
0
0
0
0
0
0
0
0
0
0
0
0
0
0
0
0
0
0
0
0
0
0
0
0
0
0
0
0
0
0
0
0
0
0
0
0
0
0
0
0
0
0
0
0
0
0
0
0
0
0
0
0
0
0
0
0
0
0
0
0
0
0
0
0
0
0
0
0
0
0
0
0
0
0
0
0
0
0
0
0
0
0
0
0
0
0
0
0
0
0
0
0
0
0
0
0
0
0
0
0
0
0
0
0
0
0
0
0
0
0
0
0
0
0
0
0
0
0
0
0
0
0
0
0
0
0
0
0
0
0
0
0
0
0
0
0
0
0
0
0
0
0
0
0
0
0
0
0
0
0
0
0
0
0
0
0
0
0
0
0
0
0
0
0
0
0
0
0
0
0
0
0
0
0
0
0
0
0
0
0
0
0
0
0
0
0
0
0
0
0
0
0
0
0
0
0
0
0
0
0
0
0
0
0
0
0
0
0
0
0
0
0
0
0
0
0
0
0
0
0
0
0
0
0
0
0
0
0
0
0
0
0
0
0
0
0
0
0
0
0
0
0
0
0
0
0
0
0
0
0
0
0
0
0
0