0 1 2
1 2
2 42 85
3 4 5
4 45
5 48 4
6 7
7 44 0 46
8 9 10
9 49
10 9 50
11 12 13
12
13 12 51
14 15 16
15 52 53
16
17 11
18 19 20
19 54 55
20 54 56
21
22
23 24 25
24
25 57
26
27 28 29
28 58
29 59 60
30 27 31
31 89 90
32 33 34
33
34 27 61
35
36 37 38
37 38 65
38 66
39 40 41
40
41 118 119
42 43 41
43 85
44 3 45
45 83 84
46
47
48
49
50 67
51 67
52 8 49
53 68 52
54 69
55 95 96
56 92 93
57 70
58 61 31
59 28 71
60 59
61 33 86
62 63 64
63 40 43
64 75
65 38 76
66
67
68 67
69 56 55 77 78 79
70
71 58
72 18 73
73 18 105
74 72 74
75 80
76 38 81
77 100 104
78 100 101
79 100 103
80
81 38 82
82 38
83
84 122
85 36 66
86 87 88
87
88 86
89
90 91
91 89 91
92 94
93 54 78
94 93
95 97
96 98 99
97 96
98 120
99 98
100 102
101 54 77
102 103 101 104
103 120
104 54 79
105 18 106
106 18 107
107 108
108 117
109 18 110
110 18 111
111 18 112
112 113 114
113 115 116
114 117
115 118
116 108
117 18 109
118 62 119
119 74
120 106 107 105 73 112 110 111 109
121 83 122
122 48 121
123 67
124 68
125 95
126 75
127 57
128 100
129 92
130 54
131 0
132 6
133
134 8
135 11
136 14
137 17
138 44
139 46
140 9
141 12
142 16
143 123
144 123
145 123
146 123
147 123
148 123
149 143
150 144
151 145
152 146
153 147
154 148
